$ANSIBLE_VAULT;1.1;AES256
33633839633165613931313466346130303935656134373361343430343835616231386130356465
3638386135383431323939373636363131326561363633390a636433626435356632343965646463
38613764656332303130356662366139323032326364336232376430303539616434383630386236
6630326136376333370a363832303638616239326136666638323432343835373662366435633033
38336436373835343564663161643137343666306261376665663035333233323732653038653239
65313466383037633736383537653930336236316563666237383565393533633238363566376134
34326630323038346663623339623162626365353238613434383331333635383633326138353363
35323065653735356165343863303537366239396565613437313537663036336366646238663730
34363666396334616530336538616234363630313837633061623535366130383338326337623062
37653164353836393630643037386137633362636131633036663137326665613633653130306535
64346632326532656261326232353265623235653331646265663030333537626531626333616331
36663737363763326262646334333839373132623038343032373531386130643462313066383631
62356562396235393432663663653039646339343866346534346230313164313233393333353736
36333436663461353238666538363435313266636636303462323934323134333162623761646634
39353962646634343538363435306165323836636536376138306130313962366163306237613639
34383431356436393436346334343366643131643462393839376166613334616466316132666531
39636131656433343332633837626366323031643037656562363162303230366434313131653138
66616538363537356131623434333836333639303061636230393562313837616462323565303737
32343861306566303136343262663931353661623932623663383536643233343638656635653565
35346363653561376264616364383963343138333733396139396538393234386565646165396531
62373264313034393730643831333764383638313734366437343335373834313661333465653936
39653538616334653432636231336331616461623461626562613365623433306533386235623566
32396635363136663663393338333133643961366532656134656534326264613736653037316263
32623532643762343163303835363734383434393465343039633136646166616663623864393630
37396538336537643334623334356631343961646534626635393732646135323862303737393732
35613137643937613563356261626262303264633332396538633561333266616162353738626264
36626136626531333765383633393562383165653363636165373436343737336134313834336161
66353737373433666239336261363861363937626261363136663832393166633561646535623231
63636639373961343966303436353438373632653863386339396566343032306236636261393536
61656461663766636430663766623164656163353635383338323561636439663464386632633538
62633766316438613761653432663836383236313539306638666330326665303434356665303939
37353436653339633232363036646361663130646266663463313830373864316561623663616532
62643330373339323962646437383238323266663134343935663138316233323964336433393464
63346637613838623734313566396334633233323133623162396430373562633263663133366665
35356433333636303032646263616365326534313566626436326430396131623835306463326530
32363763613235623839663261366665626464376639613339366366346264636534393964643339
38626235323630333136303736656163636235373961363735633162333736316535346332326161
31353035656531656138663661363932663962303566656361383763343766636361326232366236
37386333653331326563386330613635663233636264636163393039363632343938663237313731
32353539383836326361313731613564633862393939323730653165393536666361653461396464
38393232636537333238633661663265363735663766623263366436623037323931303732653061
30353864336430316131633337373830313238333132326236353635626162323530373332626436
39316535643465303633663332303866326166343434646461663338396139383636336430633666
62383930613164613265393862336361353939376665623735356239346633616336303437643439
31326236666564633265643934653636646532373533663634386638386435336230306532656539
65663131373030636633333731323238633833623035303434626433623930653464613862366130
38656539376639393730656166396239376335653561303932666262643834363662356334333764
64666336616331396334613731316135393231343964623535663736383462343231613865316663
63386261336165666161666338656663333535336333363934636463383731323662636564663836
61306330376431396264653138343438623166316433353364306335316165633663316161356461
34663234323736316663323639393737383337653734656139393030323962353533313238306661
65303637613538623762353566336666346435663235336235303766313237353362343835636635
38356162386434396636383838663863656235623630623032666134373964393665356633353631
34666535343236656164316361663664366166666662653931636537353966303861393438613962
30386237653632306532323230353165343630633464613136633638613933343039343162323636
35393366373436656439656434313362303265663232633634633133303563343066336335346461
33306633363138346532356664346261663339333465336264306265373335656434373439303034
66373738653938656331643161366530353636346265373134663161646266316536356466326461
39323630363433383763326432623530363732646563326433646431663330633536613366626330
66633331636536613566623165303035623164376463363566353130323138383837366430383862
38393966656662316630353432663063633033366332373361636332633238613934313131353237
62323339373532376636346465393161393065383131396538356162343830663063643430343761
31353366666561393263346637643739396637636463653265363834363033663965316238396535
34386639316163343335313330656462343639383634623530656231613832336635353836393162
31303437333634323838623264303366383062343966363166396333343664393764303333353565
63333465376336623662313932623239663562623131306632366133343632666533333631316632
33343430336631366664376133326432646465376338396563386135353634666366616666336238
34353639623839356434646165393962373362303132303039613630616161303938323230383935
34613837306161363666333932343533323562303336353735366330343036646361306639663335
66643937326166303837626664613836666332616239646430366562363366666534353261353466
64343264613662303666663534343765666336356164313239353937626332653132356337336239
66386438653563613337663662333662343732393463326530386132653665626464323036376537
64303737623834616666613835316361383732646534336130356533343236306461363265623530
38633734666334386262373338663663653439613831373632393565663461386539346632646138
35333437343365613237313632373633363735616239363936616435663835316331333430613038
65353833623362393933623831353739346331326236343564363365303033623537346362386333
37353764386662306333386231343539333563313832313262323038313463393631623637613039
35623731393566356461623435653737666434373933366139653732376532646230353132656336
31623334626265356632623930383866306330303034363332346134373835636666353038663864
39346662386166663130346530636166656135653161393237653761353263393764356162366336
62303731376161366331623438343235313334313563663832663565616663363862356330333538
65343432353730356535653436373838373331366334393964626439333630316433343366663863
65663134613461363939396264323361653531303266356138636632316332313235323539393634
65643334356266303063653735366562646633356266386330643766656535393162393736346466
30623964336564363737303564616332353564393837643934623139666433366462643137663963
62363634636430623666363136633266663763653137336231623937666463316433373532383035
39306538633234663730333237376364396265363864373830646132383866323338663536626439
61313536653436343233383761616363633536353234363533306639633634656164643237373562
37643736383764656564396261343964326464616565373365353830373664393336383330333661
64653238303832653131353964623863356532623238366336336436666231386131383934313866
37306264646132663831666433366231643635633737646535346337636666346634373035626466
37323134383362626639376639323133636536373361636437346632303366313131306634326532
66343865646236653761323337633563663937333365303933363532373636396230643339633863
37656364376365363934663535613435363437386535613037313063656336383961336565636435
66333064643332633164346332653331373936646261656365373230623537636431626230373231
61393365666333623331353534626361646165643661363834356363326438386138303530653535
31613564323835383436616330333261356262336339376633323536323664653830313638653539
66396430616433643763323063303063636638633261373865623262366130366265306339383963
31353530383137313961633633323335373862393366646564653064653366346436646561633632
62383530633433656166313035373739633963386332663839336663633132633337346462383837
61343137643034353534636130653561353938633761623431396230323661666664393037316330
32386333303536613337653062346461353466333865376636353830613138643533383961653534
65333538393735643064306564636463326336613838646662323662336537656135623361353439
31653034366436626636396436626433636162656438646461656134623836306632613735313563
61326664316331366366336564623830313562313930373565646236373637343862616561373533
30666430323466643566356361623966396535393136653635616236663635366466653937303765
38636432363666386632383032373561646365313066383434643263636536323761313164363466
31313536363466383633323239333038663261366439396463326636333732376664356334353065
36393762326166306266313332356435313736323037363063663239396463643332353033353233
62623739313533636536366334373333346432623736636462313334663737333164656430356134
66306566666661663034393264393435313764356339656631613633343731386465633637616534
62383263303838336135613661313430306133303633313261326437373663303438323532343362
38363831303132633162393336653736393265303035393466623536663537373061616330623064
62666262666565343964353437613238303335313335393866393038653234383263316162306632
32353737623930326138663137613034316464653165356266633565323736666439333630313361
30616632393066303333383961356537396337373665373631373364656538643033666635343963
31393332343239643364383761343935623430663263363831356531663931636461646134626538
63613962333337383132616662343963386439373838393239656362376136633633343234633561
32376430663632633732666363346536363731656531393231343266303732393566613336643432
62313165333564306566376262396364623936346435616233383634313832396236383262636335
34303265323266613962653464313338363537613439616661343335663338303266333965323734
38653064376462303534666566633264646334396530336438356236346438663663616336623134
37386232306365323632653538353730663130353938303830623561613535323239356533613936
65356332386231336164356339366333326262643664343735383262623932633636313065346433
65386535613137343433353834393838336238363339643133333037656234643861316531313737
35653965626131663235306463326362636435303864303331326539363663303063326332363034
36326133323234666232376434633965666666306366623030643761353564343736313635323663
34386638303763303763383339333365346364376563613739386663363735323033303763633838
39613932336361353635376138323633316433316164613239646236306665393331633863643634
63396636326633326263366332323030646135336332303236613430333036306464636163393363
62346662613134306161323437613336313537393732386539353566303333386666343930353035
34376566663436326136336137663831613330373661323032326433393532336531623063383337
64316136643264646166343361303333643237363138623430343535663638323639663439373164
64343861343762643962313239393433653631383933626538366137666665613233393436616533
32663738636331396361313063366266316365613939626264643135313066646462666261336333
34363733303334633163613634656563393062366132343432383364613264623566326433646130
62643833383839613866633366346164643135306331643638396233623064666334373336333861
3837353064316363393563363738366230363263323639356566
